-180 -2.0962316E-16 0.0060001924
-179 0.10867108 0.0065217591
-178 0.21388119 0.0080858162
-177 0.30702859 0.010690458
-176 0.37594542 0.014332511
-175 0.41363686 0.019007536
-174 0.42516559 0.024709836
-173 0.42316291 0.031432465
-172 0.41873342 0.039167229
-171 0.41772482 0.047904704
-170 0.42189464 0.057634246
-169 0.43099201 0.068343997
-168 0.44409284 0.080020912
-167 0.46020183 0.092650756
-166 0.47845852 0.10621815
-165 0.4981764 0.12070656
-164 0.51882434 0.13609833
-163 0.53999519 0.1523747
-162 0.56137574 0.16951586
-161 0.58272296 0.18750089
-160 0.60384589 0.20630792
-159 0.62459224 0.225914
-158 0.64483887 0.24629526
-157 0.66448456 0.26742685
-156 0.6834451 0.28928304
-155 0.70164955 0.3118372
-154 0.71903729 0.33506182
-153 0.7355563 0.35892862
-152 0.7511614 0.38340855
-151 0.76581311 0.40847173
-150 0.77947712 0.43408769
-149 0.79212314 0.46022514
-148 0.80372477 0.48685229
-147 0.81425893 0.51393664
-146 0.82370567 0.54144526
-145 0.83204776 0.56934458
-144 0.83927065 0.59760064
-143 0.84536231 0.62617898
-142 0.85031301 0.65504485
-141 0.85411513 0.68416297
-140 0.85676348 0.71349788
-139 0.85825479 0.74301392
-138 0.85858768 0.77267504
-137 0.85776299 0.80244517
-136 0.85578328 0.83228797
-135 0.85265297 0.86216706
-134 0.84837836 0.89204615
-133 0.84296745 0.92188871
-132 0.83642989 0.95165843
-131 0.82877713 0.98131901
-130 0.82002223 1.0108343
-129 0.81017971 1.0401685
-128 0.79926574 1.0692856
-127 0.7872979 1.0981503
-126 0.77429533 1.1267273
-125 0.76027846 1.1549819
-124 0.74526912 1.1828796
-123 0.72929043 1.2103864
-122 0.71236682 1.2374688
-121 0.69452375 1.2640939
-120 0.6757881 1.290229
-119 0.65618759 1.3158424
-118 0.63575113 1.3409029
-117 0.61450863 1.3653799
-116 0.59249091 1.3892437
-115 0.56972957 1.4124651
-114 0.54625726 1.4350158
-113 0.52210718 1.4568683
-112 0.49731341 1.477996
-111 0.4719106 1.4983732
-110 0.44435394 1.517975
-109 0.41783503 1.5367774
-108 0.39081234 1.5547576
-107 0.36332268 1.5718937
-106 0.33540314 1.5881647
-105 0.30709121 1.6035509
-104 0.27842456 1.6180334
-103 0.2494411 1.6315945
-102 0.2201789 1.644218
-101 0.19067609 1.655888
-100 0.16097087 1.6665906
-99 0.1311014 1.6763127
-98 0.10110578 1.6850423
-97 0.071022011 1.6927688
-96 0.040887915 1.6994828
-95 0.010741089 1.705176
-94 -0.019381115 1.7098416
-93 -0.049441669 1.7134737
-92 -0.079403892 1.7160679
-91 -0.10923152 1.7176211
-90 -0.13888872 1.7181312
-89 -0.16834016 1.7175977
-88 -0.19755101 1.7160211
-87 -0.22648706 1.7134033
-86 -0.25511464 1.7097474
-85 -0.28340077 1.705058
-84 -0.31131315 1.6993405
-83 -0.33882019 1.6926019
-82 -0.36589104 1.6848505
-81 -0.3924956 1.6760954
-80 -0.41860467 1.6663474
-79 -0.44418976 1.6556183
-78 -0.46922338 1.6439209
-77 -0.49367887 1.6312697
-76 -0.51753044 1.6176797
-75 -0.54075336 1.6031675
-74 -0.56332374 1.5877507
-73 -0.58521879 1.5714478
-72 -0.6064167 1.554279
-71 -0.62689662 1.5362645
-70 -0.64663881 1.5174265
-69 -0.66562468 1.4977877
-68 -0.68383652 1.4773718
-67 -0.70125788 1.4562036
-66 -0.71787345 1.4343086
-65 -0.73366898 1.4117135
-64 -0.74863142 1.3884454
-63 -0.7627489 1.3645325
-62 -0.77601075 1.3400035
-61 -0.7884075 1.3148882
-60 -0.79993093 1.2892169
-59 -0.81057411 1.2630205
-58 -0.82033139 1.2363305
-57 -0.82919848 1.209179
-56 -0.83717239 1.1815988
-55 -0.84425163 1.1536227
-54 -0.85043609 1.1252847
-53 -0.85572726 1.0966183
-52 -0.8601281 1.0676581
-51 -0.86364341 1.0384384
-50 -0.86627966 1.0089941
-49 -0.86804521 0.97936016
-48 -0.86895043 0.94957161
-47 -0.869008 0.91966367
-46 -0.86823303 0.88967139
-45 -0.86664319 0.85962993
-44 -0.86425918 0.82957417
-43 -0.86110526 0.79953885
-42 -0.85720927 0.76955843
-41 -0.85260379 0.73966688
-40 -0.84732634 0.70989782
-39 -0.84142071 0.68028426
-38 -0.83493793 0.6508584
-37 -0.82793766 0.62165165
-36 -0.82049006 0.59269446
-35 -0.81267828 0.56401592
-34 -0.80460119 0.53564382
-33 -0.79637736 0.50760412
-32 -0.78814989 0.47992086
-31 -0.78009307 0.45261565
-30 -0.77242029 0.42570707
-29 -0.76539546 0.39921036
-28 -0.75934672 0.37313652
-27 -0.75468564 0.34749159
-26 -0.75193065 0.32227558
-25 -0.75173855 0.2974816
-24 -0.75494254 0.27309477
-23 -0.76259816 0.24909164
-22 -0.77603179 0.2254405
-21 -0.79688108 0.20210417
-20 -0.82709622 0.1790472
-19 -0.86884183 0.15625198
-18 -0.9241823 0.13374968
-17 -0.99436492 0.111673
-16 -1.0784972 0.09033218
-15 -1.1201 0.065300003
-14.5 -1.1353 0.057349999
-14 -1.1435 0.051059999
-13.5 -1.1558 0.045159999
-13 -1.166 0.040139999
-12.5 -1.1718 0.036350001
-12 -1.1442 0.033100002
-11.5 -1.1186 0.03064
-11 -1.0878 0.027969999
-10.5 -1.0526 0.02603
-10 -1.0163 0.023910001
-9.5 -0.97729999 0.022360001
-9 -0.93949997 0.0206
-8.5 -0.90140003 0.019060001
-8 -0.86320001 0.01771
-7.5 -0.82489997 0.01651
-7 -0.78530002 0.01549
-6.5 -0.7471 0.01438
-6 -0.70779997 0.01339
-5.5 -0.66750002 0.01251
-5 -0.62620002 0.01171
-4.5 -0.58340001 0.01106
-4 -0.53869998 0.01056
-3.5 -0.477 0.01011
-3 -0.39590001 0.0096399998
-2.5 -0.31779999 0.0091899997
-2 -0.2402 0.0087599996
-1.5 -0.1689 0.0083400002
-1 -0.107 0.0080000004
-0.5 -0.052000001 0.00777
0 0 0.0076799998
0.5 0.052000001 0.00777
1 0.107 0.0080000004
1.5 0.1689 0.0083400002
2 0.2402 0.0087599996
2.5 0.31779999 0.0091899997
3 0.396 0.0096399998
3.5 0.477 0.01011
4 0.53869998 0.01056
4.5 0.58329999 0.01106
5 0.6261 0.01171
5.5 0.6674 0.0125
6 0.70779997 0.01339
6.5 0.74699998 0.01437
7 0.7852 0.01549
7.5 0.82480001 0.01651
8 0.86320001 0.01771
8.5 0.90140003 0.019060001
9 0.93959999 0.0206
9.5 0.9774 0.022360001
10 1.0164 0.023910001
10.5 1.0528001 0.02603
11 1.0880001 0.027969999
11.5 1.1188999 0.03064
12 1.1446 0.033100002
12.5 1.1722 0.036359999
13 1.1666 0.04016
13.5 1.1564 0.045189999
14 1.1442 0.051100001
15 1.1233 0.065030001
15.5 1.0802 0.078189999
19.5 0.81919998 0.23370001
20 0.80628675 0.18085608
21 0.78607512 0.20308791
22 0.77228123 0.22579707
23 0.76371533 0.24898115
24 0.75934035 0.27264273
25 0.75828177 0.29678449
26 0.75981551 0.32140672
27 0.76334774 0.3465063
28 0.76839298 0.37207627
29 0.77455473 0.3981061
30 0.78150821 0.42458183
31 0.78898662 0.45148638
32 0.79676968 0.47880006
33 0.80467463 0.50650078
34 0.8125487 0.53456438
35 0.82026386 0.56296486
36 0.82771194 0.5916748
37 0.83480114 0.62066531
38 0.84145296 0.6499064
39 0.84760028 0.67936701
40 0.85318512 0.70901531
41 0.85815752 0.73881876
42 0.86247402 0.76874399
43 0.86609691 0.79875737
44 0.86899346 0.8288247
45 0.87113506 0.8589114
46 0.87249696 0.88898277
47 0.87305772 0.91900384
48 0.87279886 0.94893956
49 0.87170452 0.9787547
50 0.86976141 1.0084141
51 0.86695832 1.0378829
52 0.86328626 1.0671262
53 0.85873795 1.0961089
54 0.8533082 1.1247967
55 0.84699327 1.1531553
56 0.83979124 1.181151
57 0.83170158 1.2087501
58 0.82272547 1.2359196
59 0.81286532 1.2626269
60 0.8021251 1.2888398
61 0.79050994 1.314527
62 0.77802658 1.3396574
63 0.76468277 1.3642007
64 0.75048774 1.3881276
65 0.73545188 1.411409
66 0.71958679 1.4340168
67 0.70290524 1.4559239
68 0.68542123 1.4771038
69 0.66714996 1.4975308
70 0.64810765 1.5171803
71 0.62831175 1.5360286
72 0.60778075 1.5540528
73 0.5865342 1.5712312
74 0.56459284 1.587543
75 0.5419783 1.6029685
76 0.5187133 1.617489
77 0.49482152 1.6310869
78 0.47032771 1.6437459
79 0.44525743 1.6554505
80 0.41963729 1.6661867
81 0.39349473 1.6759415
82 0.36685809 1.684703
83 0.33975658 1.6924607
84 0.31222013 1.6992052
85 0.28427956 1.7049284
86 0.2559664 1.7096235
87 0.22731286 1.7132846
88 0.19835193 1.7159075
89 0.16911717 1.7174889
90 0.13964278 1.7180271
91 0.10996349 1.7175215
92 0.080114633 1.7159727
93 0.050131973 1.7133826
94 0.020051757 1.7097545
95 -0.010089383 1.7050928
96 -0.040254448 1.6994032
97 -0.070406124 1.6926928
98 -0.10050684 1.6849697
99 -0.13051881 1.6762433
100 -0.16040406 1.6665244
101 -0.1901245 1.6558248
102 -0.21964201 1.6441575
103 -0.2489184 1.631537
104 -0.27791557 1.6179785
105 -0.30659547 1.6034985
106 -0.33492026 1.5881149
107 -0.36285219 1.5718461
108 -0.39035386 1.5547123
109 -0.41738817 1.5367342
110 -0.44391832 1.5179338
111 -0.47192022 1.4983342
112 -0.49732339 1.4779589
113 -0.52211756 1.456833
114 -0.54626799 1.4349823
115 -0.56974077 1.4124333
116 -0.59250247 1.3892136
117 -0.61452067 1.3653513
118 -0.63576365 1.3408757
119 -0.65620059 1.3158166
120 -0.67580158 1.2902045
121 -0.69453782 1.2640706
122 -0.71238142 1.2374469
123 -0.72930568 1.2103657
124 -0.74528503 1.18286
125 -0.76029503 1.1549634
126 -0.77431267 1.1267098
127 -0.78731602 1.0981338
128 -0.79928464 1.0692701
129 -0.8101995 1.0401539
130 -0.82004291 1.0108206
131 -0.82879883 0.98130608
132 -0.83645266 0.95164627
133 -0.84299135 0.92187732
134 -0.84840351 0.89203542
135 -0.85267943 0.86215705
136 -0.85581118 0.83227855
137 -0.85779238 0.80243641
138 -0.85861874 0.77266687
139 -0.85828757 0.74300629
140 -0.85679823 0.71349078
141 -0.85415196 0.68415636
142 -0.85035205 0.65503871
143 -0.84540385 0.62617332
144 -0.83931488 0.59759539
145 -0.83209485 0.56933975
146 -0.82375598 0.54144078
147 -0.8143127 0.51393253
148 -0.80378234 0.48684847
149 -0.79218495 0.46022165
150 -0.77954352 0.4340845
151 -0.76588464 0.40846884
152 -0.75123847 0.38340589
153 -0.73563957 0.35892624
154 -0.71912742 0.33505964
155 -0.70174718 0.31183523
156 -0.68355101 0.28928128
157 -0.66459954 0.26742527
158 -0.64496386 0.24629386
159 -0.62472808 0.22591276
160 -0.60399348 0.20630683
161 -0.58288294 0.18749996
162 -0.56154853 0.16951504
163 -0.54018062 0.152374
164 -0.51902121 0.13609773
165 -0.4983817 0.12070607
166 -0.47866622 0.10621774
167 -0.46040082 0.092650428
168 -0.44426388 0.080020651
169 -0.43110299 0.068343803
170 -0.4218947 0.057634108
171 -0.41753975 0.047904618
172 -0.41827068 0.039167184
173 -0.42234609 0.031432457
174 -0.42401809 0.024709858
175 -0.41237441 0.019007582
176 -0.37491798 0.014332578
177 -0.30645213 0.01069054
178 -0.21368073 0.0080859074
179 -0.10863943 0.006521855
180 -2.0969899E-16 0.0060002888
